1239 [332,340] [332,194] [332,304] [332,76] [332,338] [332,212] [332,372] [332,316]
1252 [256,366] [256,266] [256,92] [256,370] [256,318] [256,260] [256,258] [256,304]
1294 [298,42] [298,302] [298,290] [298,364] [298,14] [298,120] [298,184] [298,40]
1348 [366,92] [366,334] [260,370] [260,318] [256,304] [256,260] [366,370] [366,318] [260,256] [260,258] [256,366] [256,266] [256,114] [366,258] [366,60] [260,304] [256,92] [256,334] [366,304] [366,260] [260,366] [260,266] [256,370] [256,318] [366,256] [366,266] [366,114] [260,92] [256,258] [256,60]
1532 [266,258] [92,370] [92,256] [174,332] [92,258] [174,134] [258,366] [258,318] [266,304] [92,260] [92,266] [92,370] [174,240] [258,256] [258,92] [266,366] [266,318] [92,304] [92,260] [174,130] [92,266] [174,132] [258,370] [266,256] [266,92] [92,366] [92,318] [92,304] [174,172] [258,260] [258,266] [266,370] [92,256] [92,258] [92,366] [174,356] [92,318] [174,258] [258,304] [266,260]
1548 [266,348] [318,370] [370,260] [370,318] [266,260] [266,258] [318,260] [318,258] [370,92] [266,304] [266,148] [318,304] [370,366] [370,266] [266,366] [266,318] [318,366] [318,266] [370,256] [370,258] [266,256] [266,92] [318,256] [318,92] [370,304] [266,370]
1871 [174,172] [174,240] [258,304] [174,130] [174,258] [258,366] [258,318] [174,134] [258,256] [258,92] [174,356] [174,332] [258,370] [174,132] [258,260] [258,266]
1965 [318,256] [92,304] [318,92] [92,94] [228,104] [228,372] [92,304] [104,92] [212,342] [104,94] [212,148] [92,366] [318,370] [92,318] [228,92] [228,94] [92,366] [92,318] [104,68] [212,340] [92,256] [318,260] [92,258] [318,258] [92,352] [228,68] [92,256] [92,258] [104,80] [212,194] [104,352] [212,316] [92,370] [318,304] [92,242] [228,80] [228,352] [92,370] [212,318] [104,242] [212,322] [92,260] [318,366] [92,266] [318,266] [92,372] [228,242] [92,260] [92,266] [104,228] [212,230] [104,372]
1984 [316,322] [148,212] [148,340] [318,370] [340,342] [340,148] [316,194] [316,318] [148,322] [318,260] [318,258] [340,230] [316,342] [316,148] [148,194] [148,318] [318,304] [340,212] [340,316] [316,230] [148,342] [148,316] [318,366] [318,266] [340,322] [316,212] [316,340] [148,230] [318,256] [318,92] [340,194] [340,318]
2018 [366,194] [318,370] [318,260] [318,370] [256,366] [256,266] [366,256] [366,266] [318,256] [318,258] [318,260] [318,258] [256,92] [256,260] [366,92] [366,260] [318,304] [318,148] [318,304] [256,370] [256,318] [366,370] [366,318] [318,366] [318,266] [318,366] [318,266] [256,258] [256,148] [366,258] [366,148] [318,92] [318,256] [318,92] [256,304] [256,194] [366,304]
2037 [298,364] [298,184] [274,254] [184,364] [274,14] [184,256] [14,278] [184,298] [14,378] [298,254] [298,274] [184,254] [274,40] [184,14] [274,184] [14,256] [184,364] [14,298] [184,378] [14,292] [298,40] [298,292] [274,278] [184,40] [274,378] [184,254] [14,364] [184,14] [14,366] [298,278] [298,366] [274,256] [184,278] [274,298] [184,274] [274,292] [14,254] [184,40] [14,274] [184,366] [298,256] [298,14] [184,256] [274,364] [184,298] [274,366] [184,292] [184,278] [14,40] [184,274] [14,184]
2058 [254,86] [254,256] [254,366] [254,114] [254,360] [254,76] [254,104] [254,100]
2069 [94,104] [260,92] [92,260] [370,260] [92,266] [370,266] [266,370] [92,370] [372,92] [304,256] [318,256] [372,104] [304,258] [318,92] [94,80] [260,370] [94,68] [260,318] [92,304] [370,92] [266,260] [92,260] [266,258] [92,266] [372,80] [304,370] [318,370] [94,92] [260,256] [94,352] [260,258] [92,366] [370,366] [92,318] [370,318] [266,304] [92,304] [372,94] [304,260] [318,260] [372,352] [304,266] [318,258] [94,228] [260,304] [92,256] [370,256] [92,258] [370,258] [266,366] [92,366] [266,318] [92,318] [372,228] [304,92] [318,304] [94,242] [260,366] [94,372] [260,266] [92,370] [370,304] [92,256] [266,256] [266,92] [92,258] [372,242] [304,366] [318,366] [372,68] [304,318] [318,266]
2114 [256,260] [256,258] [256,304] [256,334] [256,366] [256,266] [256,92] [256,20] [256,370] [256,318]
2358 [366,318] [256,304] [366,256] [366,258] [256,366] [256,266] [366,304] [366,290] [256,92] [366,260] [366,266] [256,370] [256,318] [366,92] [256,260] [256,258] [366,370]
2406 [318,92] [318,256] [316,194] [318,266] [318,366] [316,340] [316,318] [318,304] [316,148] [316,212] [318,258] [318,260] [316,230] [318,370] [316,322] [316,342]
2409 [104,12] [104,76] [160,382] [160,158] [104,148] [104,332] [160,92] [104,166] [104,164] [160,94] [160,332] [104,362] [160,148] [160,164] [104,94] [104,158] [160,166]
2518 [372,228] [92,260] [92,266] [92,370] [372,242] [372,68] [92,304] [92,260] [92,266] [372,92] [372,104] [92,366] [92,318] [92,304] [372,80] [92,256] [92,258] [92,366] [92,318] [372,94] [372,352] [92,370] [92,256] [92,258]
2710 [260,318] [260,256] [260,258] [260,304] [260,366] [260,266] [260,92] [260,370]
2835 [256,366] [256,266] [366,304] [256,92] [366,260] [366,266] [256,370] [256,318] [366,92] [256,260] [256,258] [366,370] [366,318] [256,304] [366,256] [366,258]
2859 [364,332] [364,170] [364,346] [364,262] [364,158] [364,390] [364,302] [364,382]
3052 [318,266] [370,304] [318,256] [318,92] [370,260] [370,266] [318,370] [370,92] [318,260] [318,258] [370,366] [370,318] [318,304] [370,256] [370,258] [318,366]
3101 [92,318] [258,366] [318,304] [258,318] [260,366] [260,266] [92,256] [92,258] [258,256] [318,366] [258,92] [318,266] [258,372] [260,92] [260,242] [92,370] [318,256] [258,370] [318,92] [258,94] [260,370] [260,318] [92,260] [92,266] [258,260] [318,370] [258,266] [260,256] [260,258] [260,372] [92,304] [318,260] [258,304] [318,258] [258,242] [260,304] [260,94] [92,366]
3176 [258,92] [254,86] [254,114] [366,92] [174,130] [174,132] [258,370] [254,104] [254,366] [366,370] [366,318] [174,172] [258,260] [258,266] [254,360] [366,256] [366,258] [174,356] [174,258] [258,304] [254,76] [254,256] [366,304] [174,332] [174,134] [258,366] [258,318] [254,100] [366,260] [366,266] [174,240] [258,256]
3533 [14,298] [184,254] [184,14] [14,364] [184,40] [14,254] [14,184] [184,278] [184,274] [14,40] [184,256] [184,298] [14,278] [14,274] [184,364] [14,256]
3542 [372,242] [372,68] [92,304] [372,92] [372,104] [92,366] [92,318] [372,80] [92,256] [92,258] [372,94] [372,352] [92,370] [372,228] [92,260] [92,266]
3725 [368,370] [306,104] [256,170] [393,370] [368,393] [162,242] [256,368] [393,368] [393,364] [162,98] [70,393] [342,230] [104,370] [70,88] [342,336] [104,368] [393,370] [342,306] [342,389] [393,368] [368,104] [342,306] [306,170] [368,306] [368,104] [306,368] [256,130] [393,104] [393,370] [162,96] [256,306] [393,164] [162,306] [70,86] [342,389] [104,130] [70,306] [342,72] [342,212] [393,104] [368,170] [342,338] [306,256] [368,72] [368,170] [393,368] [306,130] [256,364] [393,170] [368,306] [162,248] [256,72] [393,342] [393,104] [162,218] [70,314] [342,212] [104,170] [70,280] [342,338] [104,306] [393,170] [368,256] [342,196] [393,164] [368,130] [368,256] [306,364] [256,370] [393,256] [368,130] [306,164] [256,393] [393,130] [393,170] [162,226] [70,394] [393,306] [104,256] [70,372] [342,196] [104,393] [393,256] [342,164] [342,192] [393,130] [368,364] [342,322] [306,370] [368,164] [368,364] [393,306] [306,393] [256,104] [393,364] [393,256] [162,382] [256,164] [393,72] [393,130] [162,352] [70,397] [342,192] [104,364] [70,164] [342,322] [342,230] [393,364] [368,370] [342,336] [393,306] [368,393]
3926 [322,230] [322,196] [368,170] [368,393] [322,389] [368,256] [368,306] [322,212] [322,336] [368,364] [322,342] [368,370] [368,130] [322,192] [322,338] [368,104]
3970 [364,104] [364,370] [364,393] [364,306] [364,170] [364,368] [364,256] [364,130]
3978 [130,370] [130,393] [130,104] [130,170] [130,368] [130,256] [130,306] [130,364]
4013 [130,104] [256,370] [364,104] [130,364] [256,393] [364,258] [130,258] [170,370] [170,368] [130,170] [130,368] [130,170] [130,368] [364,370] [130,370] [256,104] [364,368] [130,393] [256,258] [170,306] [130,256] [130,306] [130,256] [130,306] [256,170] [364,306] [130,104] [256,368] [170,364] [170,130] [130,364] [130,364] [130,258] [364,170] [130,170] [256,306] [364,130] [130,368] [170,256] [170,393] [130,370] [130,393] [130,370] [130,393] [364,256] [130,256] [256,364] [364,393] [130,306] [256,130] [170,104] [170,258] [130,104]
4021 [176,162] [176,394] [176,96] [176,302] [176,348] [176,170] [176,394] [176,96] [176,262] [176,364] [176,170] [176,172] [176,162] [176,262] [176,364] [176,302] [176,348]
4060 [130,393] [170,393] [364,368] [130,170] [134,130] [170,370] [130,368] [130,256] [170,393] [130,370] [130,306] [130,256] [130,393] [364,170] [130,306] [364,256] [364,368] [130,60] [130,104] [170,306] [364,130] [130,256] [134,240] [364,60] [130,306] [134,174] [170,306] [130,60] [130,364] [170,114] [130,104] [364,256] [130,364] [130,114] [364,130] [130,334] [130,170] [170,364] [364,104] [130,368] [170,368] [364,334] [130,364] [134,176] [170,364] [130,334] [130,370] [170,368] [130,170] [130,393] [130,370] [130,368] [364,104] [130,393] [130,256] [170,256] [364,370] [130,306] [170,130] [364,393] [130,370] [134,356] [170,256] [130,393] [134,258] [170,130] [130,256] [130,104] [170,60] [130,306] [364,370] [130,104] [130,60] [364,393] [130,114] [130,364] [170,104] [364,306] [134,332] [364,114] [130,104] [134,172] [170,104] [130,114] [130,170] [170,334] [130,364] [130,368] [130,170] [130,334] [364,306] [130,368] [130,370] [170,370] [364,170]
4102 [170,130] [170,104] [170,370] [170,393] [170,306] [170,364] [170,368] [170,256]
4130 [280,86] [393,256] [338,130] [393,306] [338,394] [280,314] [280,70] [338,212] [393,364] [393,322] [280,394] [280,372] [338,274] [393,370] [338,322] [393,130] [280,397] [280,322] [338,170] [393,104] [338,12] [280,393] [280,88] [338,40] [393,170] [393,368]
4160 [176,230] [336,192] [336,78] [342,393] [342,336] [192,112] [172,112] [192,342] [172,336] [176,192] [336,334] [336,134] [336,192] [342,112] [192,288] [172,393] [192,336] [172,342] [176,334] [336,112] [176,336] [336,172] [336,334] [342,288] [342,176] [192,78] [172,78] [176,393] [336,393] [176,306] [336,342] [336,112] [336,172] [342,78] [192,393] [172,134] [192,176] [172,192] [176,370] [336,78] [336,393] [336,342] [342,334] [342,389] [192,334] [172,334] [176,288] [336,134]
4303 [130,256] [130,306] [130,364] [130,370] [130,393] [130,104] [130,170] [130,368]
4307 [196,338] [230,338] [322,336] [336,389] [212,342] [368,364] [192,230] [338,230] [192,336] [338,196] [342,192] [196,192] [342,322] [196,322] [196,342] [230,196] [322,342] [336,212] [212,192] [368,370] [212,338] [368,130] [336,338] [192,342] [338,389] [342,230] [196,230] [342,336] [196,336] [196,192] [230,389] [322,192] [196,322] [230,322] [322,338] [212,196] [368,104] [336,342] [192,212] [338,212] [192,338] [338,336] [342,389] [196,389] [196,230] [230,212] [322,230] [196,336] [230,336] [322,196] [336,192] [212,389] [368,170] [212,322] [368,393] [336,322] [192,196] [338,342] [342,212] [196,212] [342,338] [196,338] [196,389] [230,342] [322,389] [336,230] [212,230] [368,256] [212,336] [368,306] [336,196] [192,389] [338,192] [192,322] [338,322] [342,196] [196,342] [196,212] [230,192] [322,212]
4349 [212,338] [230,338] [368,364] [196,389] [248,242] [336,230] [248,98] [336,196] [104,170] [322,192] [104,368] [322,338] [212,196] [230,196] [368,370] [196,212] [368,130] [196,338] [248,226] [336,389] [104,256] [322,230] [104,130] [322,196] [212,389] [230,389] [212,322] [230,322] [368,104] [196,342] [248,382] [336,212] [248,218] [336,338] [104,364] [322,389] [212,230] [230,212] [212,336] [230,336] [368,170] [196,192] [368,393] [196,322] [248,162] [336,342] [104,370] [322,212] [104,393] [322,336] [212,342] [230,342] [368,256] [196,230] [368,306] [196,336] [248,96] [336,192] [248,352] [336,322] [104,306] [322,342] [212,192] [230,192]
4407 [336,389] [336,240] [368,170] [368,240] [130,170] [170,370] [130,368] [170,368] [336,212] [336,338] [368,256] [368,306] [130,256] [130,306] [170,306] [170,332] [336,342] [336,130] [368,364] [368,130] [130,364] [170,364] [170,240] [336,192] [336,322] [368,370] [368,393] [130,370] [170,256] [130,393] [170,393] [336,230] [336,196] [336,332] [368,104] [368,332] [130,104] [170,104] [170,130]
4480 [364,130] [170,364] [170,368] [130,104] [130,170] [130,368] [364,104] [170,256] [170,130] [130,170] [130,256] [130,368] [130,306] [364,370] [364,393] [170,104] [130,256] [130,306] [130,364] [130,14] [364,306] [170,370] [170,393] [130,364] [130,370] [130,393] [364,170] [364,368] [170,306] [130,370] [130,393] [130,104] [364,256]
4547 [256,370] [256,130] [256,104] [256,170] [256,393] [256,306] [256,364] [256,368]
4555 [248,162] [104,370] [104,393] [104,364] [248,96] [248,352] [104,393] [104,306] [104,370] [248,242] [248,98] [104,170] [104,368] [104,306] [248,226] [104,256] [104,368] [104,130] [104,170] [248,382] [248,218] [104,130] [104,364] [104,256]
4602 [164,162] [164,382] [150,96] [164,332] [164,90] [164,160] [150,162] [150,382] [164,96] [164,148] [164,150] [150,160] [164,162] [164,382] [164,130] [164,90] [150,148] [150,164] [164,160] [164,96] [150,130] [150,90] [164,148] [164,150]
4749 [104,306] [370,256] [362,98] [362,366] [212,392] [192,342] [212,188] [368,256] [196,392] [368,306] [196,188] [104,170] [370,192] [104,368] [362,114] [362,254] [212,370] [192,212] [212,196] [192,338] [196,370] [368,364] [196,192] [104,256] [370,366] [104,130] [370,358] [362,86] [212,258] [362,188] [212,393] [192,196] [196,258] [368,370] [196,212] [368,130] [370,258] [104,364] [370,393] [362,274] [362,102] [212,250] [192,389] [212,358] [192,322] [196,250] [368,104] [196,358] [104,370] [370,104] [104,393] [370,188] [362,84] [212,260] [192,230] [212,192] [192,336] [196,260] [368,170] [196,393] [368,393] [370,260]
4777 [130,170] [130,368] [130,256] [130,306] [130,364] [130,370] [130,393] [130,104]
4884 [170,364] [170,332] [130,364] [170,256] [170,393] [130,370] [130,393] [170,104] [170,130] [130,104] [170,370] [170,368] [130,170] [130,368] [170,306] [130,256] [130,306]
4929 [256,370] [256,130] [256,104] [256,170] [256,393] [256,306] [256,364] [256,368]
5003 [104,364] [104,370] [104,393] [104,306] [104,170] [104,368] [104,256] [104,130]
5162 [134,356] [134,258] [130,104] [134,332] [134,172] [130,170] [130,368] [134,130] [130,256] [130,306] [134,240] [134,174] [130,364] [134,176] [130,370] [130,393]
5175 [192,342] [342,334] [342,176] [192,393] [192,306] [342,393] [342,192] [192,370] [192,392] [342,370] [342,392] [192,288] [192,176] [342,288] [342,306] [192,336] [192,278] [342,336] [342,278] [192,334]
5199 [256,104] [256,394] [302,176] [256,84] [302,262] [302,364] [256,170] [256,348] [302,162] [256,262] [256,176] [302,170] [302,348] [256,364] [302,394] [302,96]
5300 [393,104] [393,170] [393,368] [393,256] [393,130] [393,364] [393,370] [393,306]
5379 [134,332] [356,258] [356,134] [134,334] [134,258] [356,130] [356,172] [134,356] [356,174] [356,60] [134,176] [134,172] [356,176] [134,174] [134,130] [356,334] [356,132] [134,60]
5426 [334,94] [334,368] [398,282] [334,176] [398,260] [398,190] [334,378] [334,322] [398,192] [334,262] [334,232] [398,194] [398,216] [334,302] [398,258] [398,372]
5550 [130,308] [322,398] [322,130] [260,308] [260,322] [130,260] [130,368] [322,308] [260,398] [260,232] [130,102] [322,260] [322,232] [260,102] [130,378] [130,322] [322,102] [260,378] [260,368] [130,398] [130,232] [322,378] [322,368] [260,130]
5566 [398,378] [398,368] [398,130] [398,308] [398,322] [398,260] [398,232] [398,102]
5590 [398,308] [398,322] [398,260] [398,232] [398,102] [398,378] [398,368] [398,130]
5622 [266,190] [368,398] [368,130] [266,376] [266,336] [368,308] [266,192] [368,260] [368,232] [266,389] [266,368] [368,102] [266,393] [266,122] [368,378] [368,322]
5669 [398,378] [398,368] [392,398] [392,256] [398,130] [392,254] [398,308] [392,20] [398,322] [392,288] [398,260] [398,232] [392,290] [398,102] [392,302] [392,274]
5680 [192,378] [192,302] [192,176] [192,46] [192,260] [192,376] [192,122] [192,88]
5689 [120,14] [120,46] [378,102] [120,300] [378,260] [378,368] [120,292] [120,366] [378,130] [120,42] [120,298] [378,308] [378,322] [120,378] [378,398] [378,232]
5704 [330,76] [196,388] [92,154] [396,232] [76,70] [330,220] [232,70] [152,160] [396,391] [76,318] [330,388] [152,388] [316,396] [322,150] [250,220] [316,388] [322,76] [250,391] [152,316] [322,388] [160,262] [250,328] [196,234] [92,94] [316,196] [160,152] [250,318] [330,242] [196,316] [92,164] [396,234] [76,150] [330,248] [232,162] [152,94] [396,152] [76,322] [330,250] [232,104] [152,164] [316,232] [76,388] [250,248] [316,391] [322,308] [250,76] [152,150] [322,232] [250,202] [152,230] [316,150] [160,150] [250,330] [330,220] [196,396] [92,382] [316,391] [160,154] [250,388] [330,370] [330,328] [232,190] [92,388] [396,150] [76,308] [330,218] [232,76] [152,382] [396,388] [76,232] [250,370] [316,152] [322,162] [250,218] [152,234] [322,104] [250,388] [152,196] [316,234] [160,162] [250,220] [330,202] [196,232] [92,150] [316,152] [160,92] [250,232] [330,250] [196,230] [92,152] [396,230] [76,162] [330,328] [232,308] [152,150] [396,316] [76,104] [330,318] [152,92] [316,150] [322,130] [250,328] [316,230] [322,316] [250,318] [152,396] [322,391] [250,248] [152,388] [92,162] [316,396] [160,382] [250,76] [330,218] [196,152] [92,386] [316,388] [160,388] [76,130] [330,202] [330,388] [232,356] [152,162] [396,196] [76,316] [330,76] [232,322] [152,386] [316,234] [76,391] [250,202] [316,196] [322,70] [250,330] [152,232] [322,318] [250,370] [152,391] [316,230] [160,94] [250,218] [330,248] [196,150] [92,160] [316,232] [160,344] [250,391]
5717 [378,130] [398,308] [378,290] [398,322] [130,102] [392,288] [130,290] [398,260] [398,130] [398,232] [398,290] [378,308] [398,260] [378,322] [398,232] [130,378] [392,302] [130,322] [392,256] [398,308] [398,102] [398,322] [378,398] [378,232] [398,102] [130,398] [398,290] [130,232] [392,274] [398,260] [398,378] [398,232] [398,368] [378,102] [398,378] [378,278] [398,368] [130,308] [392,398] [130,278] [392,290] [398,102] [398,130] [398,278] [378,260] [378,368] [398,130] [130,260] [392,20] [130,368] [392,254] [398,378] [398,308] [398,368] [398,322]
5725 [194,398] [322,398] [322,130] [194,282] [194,372] [322,308] [194,258] [194,190] [322,260] [322,232] [194,192] [194,212] [322,102] [194,260] [194,216] [322,378] [322,368]
5729 [389,176] [389,262] [148,389] [148,378] [384,176] [389,302] [389,148] [148,262] [148,162] [384,389] [384,378] [389,162] [389,150] [148,334] [384,262] [384,162] [389,334] [389,378] [148,302] [148,384] [384,334] [389,384] [389,342] [148,176] [384,302] [384,148]
5739 [358,389] [282,399] [282,400] [94,398] [358,262] [358,176] [282,96] [282,384] [94,370] [94,389] [358,370] [358,280] [282,160] [282,348] [94,378] [358,394] [358,102] [282,162] [282,164] [94,394] [94,348] [358,398] [358,348] [282,248] [94,262] [94,176] [358,378]
5742 [130,384] [102,378] [102,374] [134,172] [172,332] [162,302] [130,370] [172,356] [162,378] [130,398] [130,389] [102,394] [102,130] [134,60] [172,130] [162,394] [130,398] [172,260] [162,96] [130,389] [162,356] [130,308] [130,134] [102,370] [134,332] [102,134] [134,356] [172,258] [162,389] [130,308] [134,130] [162,358] [130,378] [130,374] [102,398] [102,389] [134,260] [172,114] [162,262] [130,378] [172,134] [162,348] [130,374] [130,394] [130,102] [130,356] [102,308] [134,258] [102,356] [130,394] [172,60] [162,176] [130,102] [134,114] [162,134] [130,370]
5750 [395,388] [130,394] [130,102] [362,360] [362,86] [130,142] [395,122] [395,140] [130,370] [362,114] [362,84] [130,136] [130,140] [395,142] [130,398] [130,389] [362,100] [130,202] [130,395] [395,136] [395,130] [130,308] [362,104] [362,98] [130,388] [395,202] [395,397] [130,378] [130,374] [362,76] [130,122] [130,397]
5762 [218,352] [102,394] [102,130] [96,248] [96,162] [218,384] [218,314] [102,370] [96,104] [96,220] [218,104] [102,398] [102,389] [96,384] [96,314] [218,96] [218,70] [102,308] [96,218] [218,248] [218,162] [102,378] [102,374] [96,352] [96,70]
5826 [112,138] [60,258] [308,398] [60,114] [308,389] [60,134] [172,356] [389,370] [130,394] [130,102] [112,308] [60,332] [112,124] [60,172] [308,130] [60,258] [172,114] [389,398] [172,260] [389,102] [130,370] [112,262] [60,130] [112,136] [60,260] [308,378] [60,332] [308,374] [60,172] [172,258] [389,308] [130,398] [130,389] [112,140] [60,356] [308,394] [60,130] [308,102] [60,260] [172,332] [389,378] [172,134] [389,374] [130,308] [112,142] [60,114] [112,310] [60,134] [308,370] [60,356] [389,394] [172,130] [172,60] [389,130] [130,378] [130,374]
5895 [102,394] [102,130] [102,370] [102,398] [102,389] [102,308] [102,378] [102,374]
6003 [102,370] [102,398] [102,389] [102,308] [102,378] [102,374] [102,394] [102,130]
6074 [60,258] [130,398] [130,389] [389,394] [389,102] [60,332] [60,172] [130,308] [389,370] [60,130] [60,260] [130,378] [130,374] [389,398] [389,374] [60,356] [130,394] [130,102] [389,308] [60,114] [60,134] [130,370] [389,378] [389,130]
6188 [378,389] [378,262] [378,348] [378,176] [378,302] [378,162] [378,394] [378,96]
6194 [96,344] [374,398] [374,102] [96,302] [96,40] [374,308] [96,262] [96,162] [374,378] [374,389] [96,150] [374,394] [374,130] [96,298] [96,176] [374,370]
6219 [398,370] [130,292] [130,102] [398,308] [398,389] [130,370] [398,130] [130,308] [130,389] [398,394] [398,374] [130,398] [398,292] [398,102] [130,394] [130,374]
6245 [112,138] [308,398] [308,389] [112,308] [112,124] [308,130] [112,262] [112,136] [308,378] [308,374] [112,140] [308,394] [308,102] [112,142] [112,310] [308,370]
6248 [352,102] [370,389] [374,389] [378,308] [344,391] [102,262] [104,314] [196,391] [370,394] [378,196] [344,338] [102,394] [196,150] [389,308] [374,394] [104,352] [374,394] [212,391] [374,130] [282,192] [102,130] [104,262] [374,130] [212,338] [308,394] [282,136] [102,394] [352,384] [212,102] [308,102] [372,192] [102,130] [102,398] [352,314] [374,308] [378,398] [372,136] [102,389] [104,218] [370,228] [374,228] [378,389] [344,212] [102,196] [104,96] [196,230] [370,308] [389,378] [344,136] [104,384] [196,228] [389,374] [374,370] [282,288] [102,370] [104,314] [374,370] [212,230] [374,136] [282,372] [102,248] [104,196] [374,102] [212,196] [308,370] [372,288] [102,370] [352,218] [374,378] [308,196] [372,212] [102,308] [104,384] [370,374] [374,76] [378,130] [344,395] [102,280] [104,70] [196,344] [370,398] [389,394] [344,316] [102,398] [196,338] [389,130] [374,398] [104,218] [374,398] [212,344] [374,102] [282,190] [102,389] [104,280] [374,389] [212,316] [308,398] [282,196] [102,398] [352,96] [374,394] [308,389] [372,282] [102,389] [102,378] [352,70] [370,130] [374,130] [378,370] [372,196] [102,374] [104,162] [370,102] [374,102] [378,374] [344,150] [104,102] [196,212] [389,370] [344,196] [104,96] [196,102] [389,196] [374,308] [282,260] [102,308] [104,70] [374,308] [212,150] [374,196] [282,374] [102,96] [352,248] [212,228] [308,130] [372,260] [102,308] [102,394] [352,162] [374,370] [378,394] [372,374] [102,130] [104,352] [370,196] [374,196] [378,102] [344,230] [102,372] [104,248] [196,395] [370,378] [389,398] [344,374] [104,248] [196,316] [389,102] [374,378] [282,370] [102,378] [104,162] [374,378] [212,395] [374,389] [282,212] [102,374] [104,372] [374,228] [212,76] [308,378] [372,370] [102,378] [352,104] [374,398] [308,374] [372,190] [102,374] [102,370]
6285 [314,356] [314,308] [314,96] [314,212] [314,316] [314,78] [314,70] [314,370]
6416 [130,314] [130,78] [130,314] [130,389] [130,258] [130,389] [130,370] [130,374] [130,370] [130,374] [130,308] [130,288] [130,308] [130,70] [130,288] [130,70] [130,78]
6451 [374,398] [374,102] [374,308] [374,378] [374,389] [374,394] [374,130] [374,370]
6464 [389,308] [389,378] [389,374] [389,394] [389,130] [389,370] [389,398] [389,102]
6494 [378,102] [398,370] [398,374] [46,366] [46,120] [378,308] [398,394] [398,102] [46,378] [378,398] [378,389] [398,308] [46,292] [46,298] [378,130] [398,378] [398,389] [46,42] [46,300] [378,370] [378,374] [398,130] [46,14] [378,394]
6500 [378,394] [378,102] [378,300] [378,130] [298,120] [298,292] [298,366] [378,308] [378,120] [378,370] [378,374] [298,300] [298,378] [298,46] [378,398] [378,389] [378,394] [378,102] [298,302] [298,14] [298,14] [298,300] [378,130] [378,366] [378,308] [298,254] [298,42] [298,120] [378,370] [378,374] [378,398] [378,389] [298,274] [298,46] [298,378]
6540 [398,370] [398,374] [398,394] [398,102] [398,308] [398,378] [398,389] [398,130]
11606 [402,290] [390,394] [402,216] [390,420] [332,378] [216,378] [332,402] [216,266] [346,342] [402,332] [216,114] [402,114] [216,362] [402,332] [402,124] [390,258] [332,290] [216,262] [332,216] [216,332] [346,344] [402,70] [346,132] [402,88] [216,218] [402,218] [402,114] [390,188] [402,332] [390,192] [332,112] [216,288] [346,356] [402,288] [346,214] [402,124] [216,378] [402,378] [216,402] [402,362] [402,218] [390,421] [332,114] [216,386] [332,362] [216,154] [346,212] [402,216] [216,290] [402,290] [216,332] [402,216] [402,378] [390,332] [402,362] [390,172] [332,146] [216,334] [346,130] [402,114] [346,216] [402,362] [216,124] [402,124]
12178 [124,290] [124,188] [218,114] [218,336] [336,378] [336,112] [358,274] [358,112] [124,218] [218,188] [336,290] [336,188] [358,386] [358,410] [124,114] [124,358] [218,378] [218,112] [336,218] [336,124] [358,114] [358,124] [124,332] [218,290] [218,358] [336,114] [336,358] [358,378] [358,402] [124,378] [124,336] [218,332] [218,124] [336,332] [358,262] [358,332]
12250 [332,218] [290,332] [332,114] [332,358] [332,124] [114,290] [114,290] [114,188] [114,218] [114,188] [332,378] [290,124] [332,336] [290,336] [332,218] [332,114] [332,358] [114,358] [114,218] [114,218] [114,378] [332,290] [290,114] [332,188] [290,188] [332,378] [332,336] [332,218] [114,378] [114,378] [114,358] [114,332] [114,358] [332,124] [290,218] [332,290] [332,188] [332,378] [332,336] [114,336] [114,332] [114,124] [114,332] [332,114] [290,378] [332,358] [290,358] [332,124] [332,290] [332,188] [114,188] [114,124] [114,124] [114,290] [114,336] [114,336]
12301 [332,114] [332,358] [332,218] [332,378] [332,336] [332,290] [332,188] [332,124]
12492 [328,98] [328,146] [328,407] [328,352] [328,226] [328,70] [328,354] [328,124]
12506 [378,124] [378,336] [290,378] [290,358] [114,218] [378,290] [378,188] [290,332] [114,378] [114,358] [378,218] [290,124] [290,336] [114,332] [378,114] [378,358] [290,114] [290,188] [114,124] [114,336] [378,332] [290,218] [114,290] [114,188]
12537 [332,218] [332,378] [332,336] [332,290] [332,188] [332,124] [332,114] [332,358]
13485 [332,378] [332,336] [332,290] [332,188] [332,124] [332,114] [332,358] [332,218]
13494 [358,378] [358,336] [358,218] [200,176] [200,188] [336,124] [358,290] [358,332] [358,378] [358,336] [200,336] [336,114] [336,188] [358,124] [358,290] [358,332] [200,407] [200,322] [336,218] [358,114] [358,188] [358,124] [200,262] [200,378] [336,378] [336,358] [358,218] [358,114] [358,188] [200,290] [336,290] [336,332]
13617 [188,318] [188,88] [332,98] [188,352] [332,318] [332,88] [188,70] [188,322] [332,352] [188,332] [188,124] [332,70] [332,322] [188,98] [332,188] [332,124]
13689 [378,124] [392,118] [184,256] [378,336] [184,46] [290,216] [290,124] [290,336] [184,14] [378,290] [392,290] [378,332] [392,120] [184,392] [290,124] [290,114] [290,336] [290,332] [184,366] [184,118] [378,218] [392,46] [184,290] [290,114] [184,120] [290,332] [290,218] [290,184] [184,120] [378,114] [392,300] [392,302] [378,154] [184,118] [290,218] [290,378] [290,154] [184,292] [184,46] [392,256] [378,216] [392,184] [184,300] [290,378] [184,302] [290,154] [290,216] [184,42] [184,300]
13742 [336,124] [336,308] [308,124] [336,114] [336,332] [308,304] [308,136] [336,218] [308,310] [308,306] [336,378] [336,154] [308,414] [336,290] [336,216] [308,417] [308,126]
13794 [378,332] [292,98] [292,358] [378,262] [378,332] [118,366] [118,46] [378,114] [378,292] [292,88] [378,114] [378,292] [118,300] [378,386] [378,154] [292,402] [292,100] [378,284] [378,154] [118,14] [118,292] [378,344] [292,114] [292,274] [378,216] [118,42] [118,184] [378,274] [378,402] [292,76] [378,288] [378,402] [118,120] [378,262]
13809 [280,218] [280,88] [280,98] [280,92] [280,400] [280,100] [280,146] [280,328] [280,330]
13889 [218,336] [248,354] [352,92] [352,70] [218,124] [218,290] [218,332] [248,228] [248,220] [352,98] [218,114] [218,154] [218,124] [248,418] [248,218] [352,382] [352,88] [218,216] [218,114] [218,154] [248,242] [352,78] [352,160] [218,378] [218,336] [218,216] [248,226] [248,352] [352,328] [218,290] [218,332] [218,378]
13896 [414,126] [308,310] [308,140] [414,304] [414,308] [308,306] [308,126] [414,142] [308,304] [308,414] [414,136] [414,138] [308,142] [414,310] [414,140] [308,136] [308,138] [414,306]
13933 [336,114] [336,332] [124,216] [154,124] [346,130] [346,216] [216,378] [216,154] [336,218] [124,378] [154,114] [124,154] [154,332] [346,344] [216,290] [216,332] [336,378] [124,290] [336,154] [124,332] [154,218] [346,342] [346,132] [216,124] [336,290] [336,216] [124,218] [154,378] [346,356] [154,336] [346,214] [216,114] [216,336] [336,124] [124,114] [154,290] [124,336] [154,216] [346,212] [346,154] [216,218]
13967 [88,78] [218,336] [88,98] [218,378] [218,332] [88,328] [218,290] [88,92] [88,160] [218,124] [218,154] [88,352] [218,114] [88,382] [88,70] [218,216]
13979 [332,290] [114,290] [332,216] [114,332] [332,378] [332,378] [332,336] [332,336] [290,216] [124,216] [332,218] [332,114] [114,378] [332,114] [332,154] [114,154] [332,154] [332,124] [114,218] [332,290] [332,290] [332,216] [332,216] [290,124] [124,378] [332,378] [290,336] [124,336] [332,336] [332,218] [114,216] [332,218] [332,114] [114,378] [332,154] [114,154] [332,124] [332,124] [290,114] [124,290] [332,290] [290,332] [124,332] [332,216] [332,378] [114,124] [332,378] [332,336] [114,336] [332,336] [332,218] [114,216] [332,114] [332,114] [332,154] [332,154] [290,218] [124,218] [332,124] [332,290] [114,290] [332,290] [332,216] [114,332] [332,216] [332,378] [114,124] [332,336] [114,336] [332,218] [332,218] [290,378] [124,114] [332,114] [290,154] [124,154] [332,154] [332,124] [114,218] [332,124]
14077 [336,378] [336,154] [336,290] [336,216] [336,124] [336,114] [336,332] [336,218]
14102 [332,336] [336,290] [124,218] [154,378] [336,216] [124,336] [154,402] [172,174] [336,124] [172,390] [336,402] [332,114] [216,124] [332,154] [216,336] [124,114] [154,290] [336,124] [124,154] [154,216] [336,114] [172,394] [172,420] [336,332] [172,264] [216,114] [332,218] [216,154] [332,264] [336,114] [124,216] [154,124] [336,332] [124,264] [154,336] [172,258] [336,218] [172,402] [336,264] [332,378] [216,218] [332,402] [216,264] [124,378] [154,114] [336,218] [124,402] [154,332] [336,378] [172,332] [172,192] [336,154] [332,290] [216,378] [332,216] [216,402] [124,290] [336,378] [124,332] [154,218] [336,154] [336,290] [154,264] [172,421] [336,216] [172,336] [216,290] [332,124] [216,332]
14147 [218,332] [352,92] [352,70] [218,124] [352,98] [218,114] [218,154] [352,382] [352,88] [218,216] [352,78] [352,160] [218,378] [218,336] [352,328] [218,290]
14273 [407,358] [88,220] [362,378] [218,378] [362,402] [218,402] [216,218] [150,407] [362,114] [70,92] [362,332] [70,418] [407,200] [88,328] [362,290] [218,290] [362,216] [218,332] [216,378] [150,230] [216,402] [150,412] [362,218] [70,160] [407,362] [88,92] [407,312] [88,70] [362,124] [218,124] [216,290] [150,391] [216,332] [150,358] [362,378] [70,98] [362,402] [70,88] [407,150] [88,160] [362,114] [218,114] [362,332] [218,362] [216,124] [150,200] [362,290] [70,78] [362,216] [70,220] [407,230] [88,98] [407,412] [88,418] [362,218] [218,216] [216,114] [150,362] [216,362] [150,312] [362,124] [70,328] [407,391] [88,78]
14335 [114,216] [114,124] [114,402] [114,290] [114,332] [114,218] [114,378] [114,362]
14337 [362,216] [216,378] [216,402] [362,218] [200,362] [200,312] [362,124] [216,290] [216,332] [362,378] [362,402] [200,150] [362,114] [362,332] [216,124] [362,290] [362,216] [200,230] [200,412] [362,218] [216,114] [216,362] [362,124] [200,391] [200,358] [362,378] [362,402] [216,218] [362,114] [362,332] [200,407] [362,290]
14450 [172,192] [332,378] [332,402] [114,362] [172,421] [114,378] [332,290] [332,216] [114,216] [172,188] [172,390] [332,124] [114,124] [114,402] [172,420] [332,114] [332,362] [114,332] [172,332] [114,290] [172,258] [332,218] [114,218] [172,394]
14455 [402,218] [402,378] [402,362] [402,290] [402,216] [402,124] [402,114] [402,332]
14493 [290,378] [290,362] [124,378] [124,402] [290,216] [124,290] [124,332] [290,124] [290,402] [124,218] [290,114] [290,332] [124,114] [124,362] [290,218] [290,112] [124,216]
14494 [362,216] [362,290] [362,216] [312,362] [312,358] [407,362] [150,230] [407,312] [150,412] [200,230] [362,124] [200,412] [362,154] [362,124] [362,154] [312,407] [150,391] [407,150] [150,358] [200,391] [362,114] [200,358] [362,332] [362,114] [362,332] [312,230] [312,412] [407,230] [150,200] [407,412] [150,154] [200,407] [362,218] [200,154] [362,218] [312,391] [312,150] [407,391] [150,362] [407,358] [150,312] [200,362] [362,378] [200,312] [362,402] [362,378] [362,402] [312,200] [312,154] [407,200] [150,407] [407,154] [362,290] [200,150]
14523 [332,378] [332,402] [332,218] [332,290] [332,216] [332,378] [332,402] [332,124] [332,290] [332,216] [332,114] [332,362] [332,124] [332,218] [332,114] [332,362]
14565 [216,124] [216,114] [216,362] [216,218] [216,378] [216,402] [216,290] [216,332]
14594 [256,274] [290,378] [290,362] [256,392] [256,288] [290,216] [256,20] [256,254] [290,124] [290,402] [256,398] [290,114] [290,332] [256,278] [256,302] [290,218]
14633 [362,378] [312,391] [362,402] [312,358] [362,378] [362,402] [200,407] [362,290] [362,216] [312,407] [362,290] [362,216] [200,362] [200,312] [362,124] [312,362] [312,412] [362,124] [362,200] [200,150] [362,114] [362,332] [312,150] [362,114] [362,332] [200,230] [200,412] [362,218] [312,230] [312,200] [362,218] [200,391] [200,358]
14638 [378,218] [378,114] [378,362] [378,216] [378,124] [378,402] [378,290] [378,332]
14661 [160,98] [160,88] [402,218] [160,78] [160,70] [402,378] [402,362] [160,328] [402,290] [402,216] [160,92] [160,418] [402,124] [160,220] [402,114] [402,332]
14671 [290,114] [290,332] [290,218] [290,378] [290,362] [290,216] [290,124] [290,402]
14820 [216,402] [230,407] [150,391] [150,358] [412,230] [412,312] [362,216] [312,407] [216,60] [230,362] [216,362] [230,312] [150,200] [412,391] [412,150] [362,378] [312,230] [362,88] [312,412] [216,332] [230,150] [150,362] [150,312] [412,200] [362,290] [312,391] [362,124] [312,150] [216,70] [230,200] [216,88] [230,412] [150,407] [412,362] [412,358] [362,70] [312,200] [216,288] [230,391] [216,124] [230,358] [150,230] [150,412] [412,407] [362,402] [312,362] [362,332] [312,358]
14821 [312,391] [312,150] [362,378] [362,402] [312,200] [362,290] [362,216] [312,362] [312,358] [362,124] [312,407] [362,114] [362,332] [312,230] [312,412] [362,218]
14851 [402,124] [312,230] [312,412] [362,218] [402,114] [402,332] [312,391] [312,150] [362,378] [362,402] [402,218] [312,200] [362,290] [362,216] [402,378] [402,362] [312,362] [312,358] [362,124] [402,290] [402,216] [312,407] [362,114] [362,332]
14855 [362,218] [402,290] [402,362] [362,114] [362,216] [402,218] [362,332] [402,114] [402,216] [362,378] [362,124] [402,332] [362,290] [362,402] [402,378] [402,124]
14868 [332,218] [332,378] [332,402] [332,290] [332,216] [332,124] [332,114] [332,362]
14934 [118,366] [118,292] [378,362] [298,120] [114,124] [298,14] [114,402] [118,298] [378,216] [298,42] [114,290] [298,46] [114,332] [378,124] [118,120] [118,14] [378,402] [298,300] [114,218] [298,114] [118,42] [118,46] [378,332] [298,366] [114,378] [298,292] [114,362] [118,300] [378,218] [118,114] [378,114] [298,118] [114,216] [378,290]
14960 [402,124] [124,290] [124,332] [402,378] [402,362] [402,114] [402,332] [124,218] [402,290] [402,216] [402,218] [124,114] [124,362] [402,124] [402,378] [402,362] [124,216] [402,114] [402,332] [402,290] [402,216] [124,378] [124,402] [402,218]
14976 [412,362] [407,362] [362,114] [407,312] [362,332] [412,358] [150,200] [362,124] [412,391] [216,290] [412,150] [216,332] [230,200] [412,230] [150,230] [230,412] [412,312] [150,412] [407,150] [362,218] [412,407] [150,362] [362,114] [150,312] [362,332] [412,200] [216,124] [230,391] [412,391] [150,391] [230,358] [412,150] [150,358] [412,230] [407,230] [362,378] [407,412] [362,402] [412,312] [150,407] [362,218] [412,362] [216,114] [412,358] [216,362] [230,407] [412,200] [150,200] [412,391] [407,391] [362,290] [407,358] [362,216] [412,150] [150,230] [362,378] [150,412] [362,402] [412,407] [216,218] [230,362] [412,362] [150,362] [230,312] [412,358] [150,312] [407,200] [362,124] [412,200] [150,391] [362,290] [150,358] [362,216] [412,230] [216,378] [412,312] [216,402] [230,150] [412,407] [150,407]
15051 [256,118] [256,292] [120,46] [298,288] [298,256] [256,302] [256,300] [120,14] [120,298] [298,120] [256,288] [256,298] [256,120] [120,118] [298,364] [298,278] [256,46] [256,366] [120,302] [120,274] [298,392] [256,14] [256,274] [120,288] [120,256] [298,398] [298,14]
15236 [362,290] [407,362] [362,216] [407,412] [402,290] [358,391] [402,216] [358,150] [402,290] [358,376] [402,216] [230,150] [230,402] [362,124] [407,150] [362,402] [407,402] [402,124] [358,200] [402,336] [358,264] [402,124] [230,200] [230,412] [362,114] [407,230] [362,332] [407,358] [402,114] [358,362] [402,332] [358,312] [402,114] [230,391] [402,332] [230,358] [230,376] [407,391] [362,218] [407,312] [362,376] [407,376] [402,218] [358,407] [402,376] [358,402] [402,218] [230,407] [230,264] [362,378] [407,200] [362,264] [407,264] [402,378] [358,230] [402,362] [358,412] [402,378] [230,362] [402,362] [230,312]
15264 [160,78] [160,70] [218,378] [218,402] [160,328] [218,290] [218,332] [160,92] [160,418] [218,124] [160,220] [218,114] [218,362] [160,98] [160,88] [218,216]
15393 [362,378] [362,402] [124,216] [124,114] [124,362] [218,124] [362,290] [362,216] [124,378] [124,402] [124,216] [218,114] [218,362] [362,124] [124,290] [124,332] [124,378] [124,402] [218,216] [362,114] [362,332] [124,218] [124,290] [124,12] [124,332] [218,378] [218,402] [362,218] [124,114] [124,362] [124,218] [218,290] [218,332]
15505 [88,292] [88,402] [88,98] [88,114] [88,274] [88,76] [88,104] [88,362]
15508 [114,124] [114,402] [114,290] [114,332] [114,218] [114,378] [114,362] [114,216]
15530 [172,402] [172,420] [264,393] [172,334] [264,402] [264,420] [172,266] [172,264] [264,334] [172,391] [172,260] [264,266] [264,172] [172,393] [264,391] [264,260]
15573 [332,378] [332,402] [332,218] [332,290] [332,216] [332,378] [332,402] [332,124] [332,290] [332,216] [332,114] [332,362] [332,124] [332,218] [332,114] [332,362]
15587 [290,114] [396,356] [332,378] [332,402] [290,218] [396,136] [396,146] [290,362] [332,216] [290,378] [396,122] [396,314] [332,124] [332,114] [290,216] [396,395] [332,290] [290,402] [332,362] [290,124] [396,407] [396,142] [290,332] [332,218]
15593 [172,302] [172,332] [344,334] [344,332] [332,302] [332,160] [172,390] [344,262] [344,160] [332,154] [172,12] [172,170] [344,154] [332,334] [332,378] [172,334] [344,302] [344,378] [332,262] [332,92] [172,40] [172,389] [344,92] [332,344]
15600 [418,78] [418,220] [220,98] [220,88] [218,216] [418,328] [220,78] [220,70] [218,378] [218,402] [418,92] [418,70] [220,328] [218,290] [218,332] [418,160] [220,92] [220,418] [218,124] [418,98] [418,88] [220,160] [218,114] [218,362]
15613 [378,218] [378,332] [290,216] [114,124] [114,364] [332,290] [118,366] [332,216] [118,46] [332,114] [378,114] [332,362] [378,402] [290,124] [114,290] [290,394] [114,362] [114,332] [332,124] [118,300] [332,394] [118,332] [332,218] [378,216] [290,114] [290,362] [114,218] [114,120] [332,114] [118,292] [332,362] [118,120] [332,378] [378,124] [332,402] [378,394] [290,218] [114,378] [114,402] [290,332] [118,42] [332,218] [118,298] [332,290] [378,290] [332,216] [378,362] [290,378] [290,402] [114,216] [114,394] [332,378] [118,14] [332,402] [118,394] [332,124]
15689 [362,290] [362,216] [362,124] [362,114] [362,332] [362,218] [362,378] [362,402]
15829 [118,300] [118,14] [118,20] [118,40] [118,298] [118,302] [118,378] [118,120]
15843 [230,200] [230,412] [362,218] [230,391] [230,358] [362,378] [362,402] [230,407] [362,290] [362,216] [230,362] [230,312] [362,124] [230,150] [362,114] [362,332]
15887 [76,114] [76,274] [76,88] [76,104] [76,362] [76,292] [76,402] [76,98]
16050 [114,124] [114,402] [230,150] [362,114] [362,332] [114,290] [114,332] [230,200] [230,412] [362,218] [114,218] [230,391] [230,358] [362,378] [362,402] [114,378] [114,362] [230,407] [362,290] [362,216] [114,216] [230,362] [230,312] [362,124]
16055 [126,310] [126,306] [126,124] [126,304] [126,414] [126,308] [126,417] [126,415]
16083 [150,391] [150,358] [216,290] [362,378] [216,332] [362,402] [332,290] [390,394] [407,150] [332,216] [390,420] [362,114] [150,230] [362,332] [150,412] [150,200] [362,290] [216,124] [362,216] [390,362] [216,410] [407,230] [332,124] [390,258] [407,412] [332,150] [362,218] [150,358] [150,362] [150,312] [216,114] [362,124] [216,362] [407,391] [332,114] [390,188] [407,358] [332,402] [390,192] [362,378] [150,200] [362,402] [150,362] [150,407] [362,114] [216,218] [362,332] [390,150] [216,150] [407,200] [332,218] [390,421] [362,290] [150,391] [362,216] [150,312] [150,230] [150,412] [216,378] [362,218] [216,402] [407,362] [332,378] [390,332] [407,312] [332,362] [390,172] [362,124] [150,407]
16090 [344,154] [344,302] [344,378] [344,92] [344,334] [344,332] [344,262] [344,160]
16110 [124,218] [124,290] [124,332] [310,124] [310,136] [124,216] [124,216] [124,114] [124,362] [124,218] [310,262] [310,414] [124,378] [124,378] [124,402] [124,402] [124,216] [124,114] [124,362] [310,417] [124,290] [124,290] [124,332] [124,332] [124,378] [124,402] [124,216] [310,110] [310,126] [124,218] [124,218] [124,290] [124,332] [124,378] [124,402] [310,112] [124,114] [124,114] [124,362] [124,362]
16238 [332,120] [332,402] [332,260] [332,216] [332,124] [332,392] [332,200] [332,284]
16443 [310,414] [124,260] [124,332] [166,124] [310,124] [310,126] [124,284] [166,328] [166,70] [310,417] [124,392] [124,200] [166,332] [166,104] [310,142] [310,140] [124,216] [166,78] [310,262] [310,110] [124,120] [124,402] [166,399] [166,280]
16456 [280,288] [280,332] [280,166] [280,322] [280,216] [280,332] [280,100] [280,334] [280,124] [280,216] [280,100] [280,412] [280,124] [280,402] [280,200] [280,388]
16466 [120,284] [120,392] [120,200] [120,216] [120,124] [120,402] [120,260] [120,332]
16476 [200,284] [200,120] [200,402] [200,260] [200,216] [200,124] [200,392] [200,332]
16489 [154,262] [154,300] [284,120] [284,402] [154,120] [284,260] [284,332] [154,334] [154,166] [284,124] [154,92] [284,392] [284,200] [154,344] [154,332] [284,216]
16610 [284,124] [100,314] [284,392] [284,200] [100,328] [100,280] [284,216] [100,78] [100,70] [284,120] [284,402] [100,166] [284,260] [284,332] [100,242] [100,146]
16721 [256,392] [392,124] [392,402] [120,124] [120,402] [256,366] [256,14] [392,332] [120,260] [120,332] [256,398] [256,46] [392,284] [392,120] [120,284] [256,20] [256,378] [392,260] [392,200] [120,392] [120,200] [256,300] [256,120] [392,216] [392,14] [120,216] [256,184]
16824 [120,260] [120,200] [392,124] [392,402] [120,216] [392,260] [392,332] [120,124] [120,402] [392,284] [120,332] [392,120] [392,200] [120,284] [120,392] [392,216]
16831 [120,284] [120,392] [120,200] [120,216] [120,124] [120,402] [120,260] [120,332]
16880 [332,200] [176,122] [176,332] [332,284] [176,394] [176,190] [332,120] [332,402] [176,258] [332,260] [332,216] [176,409] [176,390] [332,124] [176,420] [332,392]
16910 [166,262] [166,300] [200,260] [280,140] [200,280] [280,142] [200,92] [154,120] [154,92] [166,154] [166,282] [200,258] [280,310] [200,310] [154,334] [154,310] [166,334] [166,332] [200,266] [280,399] [200,392] [280,78] [200,166] [154,300] [154,166] [166,120] [166,92] [200,250] [280,166] [200,282] [154,344] [154,282] [166,344] [166,310] [200,216] [280,70] [200,190] [280,104] [154,262] [154,332]
16922 [392,284] [46,398] [46,392] [392,120] [392,200] [46,20] [46,366] [392,216] [46,300] [392,124] [392,402] [46,184] [46,378] [392,260] [392,332] [46,256]
16925 [274,405] [274,46] [274,322] [274,324] [274,421] [274,350] [274,376] [274,336]
17011 [260,200] [176,122] [260,120] [332,260] [332,216] [176,409] [176,190] [260,216] [332,124] [260,402] [176,258] [260,124] [332,392] [332,200] [260,332] [176,332] [260,392] [176,390] [332,284] [176,394] [176,420] [260,284] [332,120] [332,402]
17018 [284,216] [284,120] [284,402] [284,260] [284,332] [284,124] [284,392] [284,200]
17140 [134,344] [216,392] [216,200] [134,214] [200,124] [216,260] [284,260] [216,332] [284,332] [134,342] [134,346] [216,284] [134,130] [200,392] [134,216] [200,332] [216,124] [284,124] [134,356] [134,212] [216,120] [216,402] [134,344] [200,284] [216,392] [284,392] [216,200] [284,200] [134,214] [216,260] [216,332] [134,342] [200,120] [134,346] [200,402] [216,284] [284,216] [134,130] [134,216] [216,124] [134,356] [200,260] [134,212] [200,216] [216,120] [284,120] [216,402] [284,402]
17209 [402,260] [402,78] [402,280] [402,284] [402,332] [402,392] [402,216] [402,200] [402,114] [402,124] [402,120] [402,100]
17213 [334,154] [334,414] [334,386] [334,190] [334,390] [334,392] [334,216] [334,402]
17254 [46,288] [46,256] [256,254] [256,46] [46,14] [256,288] [256,298] [46,302] [46,298] [256,14] [46,274] [256,302] [256,398] [46,254] [46,398] [256,274]
17334 [414,110] [414,310] [414,304] [414,290] [414,374] [414,132] [414,242] [414,412]
17347 [256,392] [256,184] [118,366] [118,184] [46,278] [46,118] [256,378] [118,120] [118,278] [46,366] [46,254] [256,366] [256,364] [118,46] [46,120] [46,184] [256,120] [256,278] [118,392] [118,256] [46,378] [46,364] [256,46] [256,118] [118,378] [46,392] [46,256]
17425 [186,388] [186,114] [186,418] [186,412] [186,402] [186,112] [186,288] [186,216]
17478 [198,388] [200,260] [200,216] [198,200] [198,322] [200,124] [198,358] [200,392] [200,332] [198,148] [198,412] [200,284] [198,391] [198,374] [200,120] [200,402]
17526 [334,120] [260,124] [260,402] [176,258] [346,216] [334,154] [334,166] [260,392] [260,332] [176,332] [346,134] [176,122] [346,344] [334,92] [260,284] [176,394] [346,356] [176,190] [346,212] [334,344] [334,332] [260,120] [260,200] [176,420] [346,214] [334,262] [334,300] [260,216] [176,409] [346,130] [176,390] [346,342]
17528 [392,120] [392,398] [392,378] [392,184] [392,366] [392,256] [392,298] [392,14]
17585 [166,100] [284,260] [284,332] [402,120] [402,200] [166,242] [166,146] [284,124] [402,260] [402,216] [166,314] [284,392] [284,200] [402,124] [166,328] [166,280] [284,216] [402,392] [402,332] [166,78] [166,70] [284,120] [284,402] [402,284]
17589 [146,72] [146,74] [284,216] [146,370] [146,314] [284,120] [284,402] [146,76] [284,260] [284,332] [146,70] [146,280] [284,124] [146,86] [284,392] [284,200]
17615 [174,392] [174,212] [174,136] [174,334] [174,402] [174,102] [174,378] [174,152]
17623 [152,136] [174,102] [152,334] [152,212] [174,378] [174,152] [152,102] [174,392] [174,212] [152,378] [152,402] [174,136] [152,392] [152,174] [174,334] [174,402]
17658 [399,136] [399,320] [399,70] [399,102] [399,388] [399,374] [399,196] [399,86]
17688 [416,124] [416,136] [416,142] [416,110] [416,128] [416,415] [416,112] [416,140]
17875 [174,264] [174,114] [174,390] [174,404] [174,350] [174,393] [174,192] [174,421]
17934 [160,328] [102,392] [102,212] [102,174] [160,248] [160,70] [102,136] [102,378] [102,152] [160,98] [102,334] [102,402] [102,392] [102,212] [160,382] [160,86] [102,174] [102,136] [160,82] [160,218] [102,378] [102,152] [102,334] [102,402]
17950 [120,378] [302,262] [334,152] [302,394] [334,136] [120,300] [120,302] [334,212] [302,334] [334,392] [120,20] [302,386] [302,389] [334,102] [120,364] [120,184] [334,402] [302,174] [334,378] [120,298] [120,118] [334,174] [302,378] [302,152]
17963 [136,334] [136,402] [124,262] [124,110] [415,414] [415,140] [136,174] [124,136] [415,262] [415,110] [136,378] [136,152] [124,142] [124,140] [415,136] [136,392] [136,212] [124,112] [415,142] [415,124] [136,102] [124,414] [124,415] [415,112]
18016 [152,136] [152,334] [152,212] [152,102] [152,378] [152,402] [152,392] [152,174]
18022 [334,378] [334,402] [258,176] [258,114] [334,174] [258,302] [258,356] [334,136] [334,152] [258,332] [334,392] [334,212] [258,174] [258,172] [334,102] [258,334]
18033 [334,212] [212,332] [152,334] [174,274] [152,212] [174,332] [102,334] [402,274] [402,332] [102,212] [152,378] [212,334] [334,174] [152,402] [212,152] [334,360] [174,102] [152,102] [174,152] [152,360] [402,102] [402,394] [102,174] [152,392] [102,360] [334,136] [152,174] [212,102] [334,402] [212,360] [152,378] [174,334] [152,402] [174,360] [402,334] [102,378] [402,342] [102,402] [334,392] [152,136] [212,378] [334,152] [212,402] [152,392] [174,378] [152,174] [174,402] [102,392] [402,378] [402,152] [102,152] [152,334] [212,392] [334,102] [152,212] [212,174] [334,332] [174,262] [152,136] [174,394] [152,332] [402,262] [402,174] [102,136] [402,360] [102,332] [334,378] [152,102] [212,136]
18065 [374,174] [102,392] [102,212] [338,374] [338,312] [374,320] [102,136] [338,322] [338,358] [374,166] [374,402] [102,334] [102,402] [338,326] [374,274] [374,212] [102,174] [338,324] [338,360] [374,334] [102,378] [102,152] [338,362] [374,46]
18066 [76,86] [76,102] [76,362] [76,274] [76,402] [76,98] [76,114] [76,366]
18111 [148,274] [152,392] [152,174] [148,152] [148,216] [152,136] [148,214] [152,334] [152,212] [148,154] [148,256] [152,102] [148,120] [148,212] [152,378] [152,402]
18141 [378,402] [378,152] [40,14] [378,392] [378,212] [392,136] [392,152] [378,392] [378,174] [378,212] [40,366] [40,298] [378,102] [392,334] [392,212] [378,136] [378,102] [378,152] [378,120] [40,300] [378,334] [378,402] [392,102] [378,392] [378,334] [378,212] [378,402] [40,292] [40,120] [378,174] [392,378] [392,402] [378,102] [378,174] [40,42] [40,118] [378,136] [378,152] [392,174] [378,334] [378,136]
18161 [402,86] [402,102] [402,362] [402,274] [402,76] [402,98] [402,114] [402,366]
19401 [124,102] [124,86] [124,398] [124,154] [124,332] [124,388] [124,114] [124,172] [124,423]
21116 [274,298] [274,392] [274,46] [274,378] [274,302] [274,366] [274,118] [274,398]
21164 [92,324] [92,104] [92,86] [92,70] [92,412] [92,124] [92,230] [92,166]
21218 [388,114] [342,405] [405,292] [405,114] [324,421] [166,20] [324,412] [166,334] [324,162] [342,262] [388,184] [342,166] [388,162] [405,184] [405,160] [324,230] [166,389] [324,388] [166,405] [388,102] [342,92] [388,86] [405,102] [405,86] [324,422] [166,262] [324,338] [166,342] [324,405] [342,409] [388,420] [342,184] [388,405] [405,420] [405,162] [324,344] [166,92] [324,160] [342,20] [388,124] [342,334] [388,160] [405,124] [405,388] [324,198] [166,409] [324,134] [166,184] [388,292] [342,389]
21500 [242,70] [102,423] [242,328] [242,160] [102,416] [102,388] [242,86] [102,334] [242,400] [242,76] [102,420] [242,82] [102,336] [102,292] [102,390] [242,352]
21522 [356,395] [395,146] [356,122] [356,314] [395,388] [395,140] [356,136] [395,122] [395,356] [356,138] [356,140] [395,136] [356,146] [395,138] [395,314] [356,388]
21538 [102,423] [102,416] [102,388] [102,334] [102,420] [102,336] [102,292] [102,390]
21557 [292,420] [292,388] [292,102] [292,423] [292,336] [292,416] [292,390] [292,334]
21567 [324,86] [324,328] [324,374] [324,70] [324,242] [324,98] [324,284] [324,146]
21656 [423,336] [424,274] [424,256] [292,334] [423,292] [423,390] [424,366] [292,420] [292,388] [423,334] [424,427] [424,292] [292,102] [423,416] [423,388] [424,20] [424,392] [292,423] [292,336] [423,102] [424,288] [292,416] [292,390] [423,420]
21706 [423,154] [423,60] [114,332] [398,86] [114,334] [398,170] [332,124] [332,114] [423,332] [423,334] [114,102] [398,332] [114,154] [398,114] [332,60] [332,398] [332,154] [423,102] [423,172] [398,102] [114,423] [398,154] [332,334] [114,170] [332,423] [398,60] [423,86] [423,170] [114,124] [398,423] [114,172] [398,334] [332,102] [332,172] [423,124] [423,114] [114,398] [398,124] [114,86] [398,172] [332,170] [114,60] [332,86] [423,398]
21763 [274,424] [274,300] [274,46] [274,423] [274,392] [274,256] [274,120] [274,290]
22013 [390,336] [152,160] [390,292] [390,102] [152,332] [152,382] [390,423] [152,334] [390,416] [390,388] [152,378] [152,390] [390,334] [152,262] [152,120] [390,420]
22101 [194,412] [194,360] [194,324] [194,200] [194,312] [194,421] [194,316] [194,358]
22190 [388,336] [336,334] [412,312] [412,358] [230,200] [388,292] [388,102] [336,420] [336,388] [412,200] [230,312] [230,358] [388,423] [336,292] [336,102] [412,395] [412,324] [230,150] [388,416] [388,390] [336,423] [412,388] [412,150] [230,395] [230,324] [388,334] [336,416] [336,390] [412,230] [230,388] [230,412] [388,420]
22214 [186,292] [186,420] [186,336] [186,422] [186,421] [186,114] [186,423] [186,120]
22300 [332,172] [112,242] [112,412] [298,170] [114,124] [298,332] [114,423] [114,334] [172,400] [114,172] [398,124] [332,262] [134,414] [398,334] [332,302] [134,172] [112,414] [112,172] [114,398] [298,302] [114,102] [114,86] [172,170] [114,132] [398,114] [172,154] [134,413] [398,86] [332,400] [134,416] [112,413] [112,416] [298,400] [114,332] [298,172] [114,86] [114,132] [172,162] [134,290] [398,332] [332,170] [134,374] [398,132] [332,154] [112,290] [112,374] [298,262] [114,102] [298,154] [114,124] [114,154] [172,298] [114,332] [398,102] [172,332] [134,112] [398,154] [332,162] [134,332] [112,134] [112,332] [298,162] [114,398] [114,423] [172,262] [114,154] [114,172] [172,302] [134,242] [398,423] [332,298] [134,412] [398,172]
22308 [166,360] [360,411] [360,413] [166,318] [166,192] [360,166] [166,316] [166,312] [360,318] [360,192] [166,200] [360,316] [360,312] [166,411] [166,413] [360,200]
22418 [102,398] [102,86] [162,248] [98,102] [98,162] [400,382] [400,82] [102,332] [162,328] [162,98] [98,400] [98,401] [400,162] [102,114] [102,154] [162,102] [162,82] [98,382] [98,82] [400,328] [400,218] [102,423] [162,400] [162,401] [98,248] [400,102] [400,98] [102,124] [102,172] [162,382] [162,218] [98,328] [98,218] [400,248]
22454 [190,422] [86,391] [190,298] [250,424] [190,86] [250,194] [190,423] [280,86] [280,370] [190,114] [280,397] [190,376] [86,423] [190,410] [86,326] [190,422] [250,312] [190,298] [280,88] [280,76] [280,86] [190,332] [86,114] [190,114] [86,398] [190,376] [250,420] [190,410] [250,192] [280,146] [280,88] [190,86] [280,76] [190,423] [86,416] [190,332] [250,260] [190,114] [250,370] [190,376] [280,418] [280,70] [190,422] [280,146] [190,298] [86,332] [190,86] [86,172] [190,423] [250,392] [190,332] [280,370] [280,397] [280,418] [190,410] [280,70]
22633 [398,172] [398,86] [423,366] [423,102] [427,362] [290,424] [427,366] [423,172] [290,366] [274,408] [274,423] [427,290] [290,274] [274,86] [398,114] [290,392] [423,427] [398,86] [398,332] [423,274] [423,398] [427,423] [290,274] [427,274] [423,86] [290,378] [274,423] [274,114] [427,398] [274,86] [274,362] [427,256] [290,366] [423,114] [398,332] [398,102] [423,98] [398,256] [398,154] [427,114] [427,98] [423,124] [290,427] [274,114] [423,256] [427,20] [274,362] [274,427] [427,392] [290,398] [274,256] [398,102] [290,378] [423,408] [398,154] [398,423] [423,256] [423,114] [427,408] [290,398] [427,256] [423,154] [290,256] [274,427] [274,102] [427,424] [290,20] [274,98] [427,366] [290,427] [423,102] [398,423] [398,124] [423,86] [398,366] [398,172] [427,102] [290,20] [427,86] [423,332] [290,392] [274,102] [423,366] [427,274] [274,98] [274,408] [427,378] [290,424] [274,366] [398,124] [398,114] [423,362]
22718 [332,114] [332,154] [332,423] [332,102] [332,172] [332,398] [332,86] [332,124]
22722 [410,376] [410,402] [172,102] [172,154] [410,190] [172,398] [172,423] [410,266] [410,405] [172,124] [410,174] [172,114] [172,86] [410,172] [410,132] [172,332]
22739 [172,114] [172,114] [154,114] [172,86] [172,86] [154,86] [172,124] [174,402] [174,402] [410,376] [402,376] [410,405] [402,405] [132,190] [190,174] [132,172] [190,172] [172,332] [172,332] [154,332] [172,114] [174,266] [174,266] [172,86] [174,132] [174,132] [410,174] [402,174] [132,376] [190,376] [132,410] [190,405] [172,102] [172,102] [154,102] [172,154] [172,154] [154,172] [172,332] [174,410] [174,410] [410,266] [402,266] [410,132] [402,132] [132,174] [190,402] [172,398] [172,398] [154,398] [172,423] [172,423] [154,423] [172,102] [174,190] [174,190] [172,154] [174,172] [174,172] [410,402] [402,410] [132,266] [190,266] [132,405] [190,132] [172,124] [172,124] [154,124] [172,398] [174,376] [174,376] [172,423] [174,405] [174,405] [410,190] [402,190] [410,172] [402,172] [132,402] [190,410]
22783 [413,421] [413,200] [340,326] [340,322] [413,318] [340,413] [340,316] [413,316] [413,326] [340,411] [413,360] [340,412] [340,374] [413,411] [413,358] [340,318]
22845 [298,302] [298,104] [298,150] [298,172] [298,420] [298,421] [298,124] [298,284]
22935 [258,356] [258,174] [258,114] [258,134] [258,176] [258,130] [258,132] [258,172]
23048 [420,104] [420,421] [420,298] [420,284] [420,302] [420,124] [420,150] [420,172]
23078 [298,262] [298,302] [298,400] [298,394] [298,172] [298,162] [298,390] [298,150]
23128 [104,302] [104,124] [104,150] [104,172] [104,420] [104,421] [104,298] [104,284]
23205 [427,300] [427,274] [427,290] [427,118] [427,423] [427,302] [427,392] [427,424]
23271 [427,392] [298,172] [427,274] [427,290] [298,420] [298,421] [427,298] [298,124] [298,284] [427,378] [427,424] [298,302] [427,14] [298,104] [298,150] [427,366]
23547 [423,352] [423,427] [423,420] [423,397] [423,128] [423,388] [423,170] [423,332]
23557 [426,378] [426,389] [426,332] [426,170] [426,166] [426,262] [426,346] [426,406]
23632 [170,352] [170,184] [170,427] [170,420] [170,46] [170,397] [170,423] [170,128] [170,388] [170,332] [170,378]
29468 [110,394] [110,172] [110,427] [110,114] [110,404] [110,405] [110,298] [110,346]
36014 [234,422] [234,320] [413,364] [413,112] [389,192] [413,216] [389,186] [376,406] [234,413] [234,338] [413,394] [413,376] [413,364] [389,405] [376,112] [376,413] [234,395] [413,392] [413,332] [413,394] [389,368] [413,376] [389,264] [376,364] [234,412] [234,152] [413,406] [413,392] [389,376] [413,332] [389,408] [376,394] [376,216] [234,194] [413,112] [413,216] [413,406] [389,350] [376,392] [376,332]
42833 [422,130] [422,430] [422,174] [422,435] [422,196] [422,136] [422,170] [422,393]
57346 [176,438] [392,401] [438,376] [392,402] [438,188] [402,401] [154,330] [14,20] [154,176] [14,366] [176,188] [392,262] [438,409] [392,154] [438,389] [402,262] [402,154] [154,401] [14,292] [176,330] [14,402] [176,401] [392,431] [438,408] [402,392] [402,431] [154,262] [14,392] [154,402] [14,398] [176,262] [392,356] [438,393] [392,322] [438,336] [402,356] [154,392] [14,427] [154,431] [14,256] [176,412] [392,330] [176,322] [392,176] [438,402] [402,330] [402,176] [154,356] [14,278] [176,356] [14,322]
65715 [352,220] [352,401] [352,397] [352,386] [352,418] [352,242] [352,399] [352,98]
